test0.jpg 2 0.97 64 245 315 487
test0.jpg 0 0.59 298 6 416 224
test1.jpg 3 0.97 279 460 1080 1413
test2.jpg 1 0.98 121 279 475 608
test3.jpg 2 0.97 108 140 334 299
test4.jpg 0 0.98 214 400 867 795
test4.jpg 0 0.80 155 170 404 249
test5.jpg 3 0.95 252 421 804 637
test6.jpg 2 0.98 84 237 262 352
test7.jpg 3 0.98 11 378 896 1046
test8.jpg 3 0.91 145 66 1394 1017
test9.jpg 3 0.94 88 331 717 1234
test9.jpg 0 0.71 650 117 1080 364
test10.jpg 0 0.94 65 190 212 247
test10.jpg 3 0.90 62 165 168 194
test10.jpg 3 0.87 153 212 396 349
test11.jpg 3 0.98 82 245 990 1145
test12.jpg 3 0.95 570 2038 2218 3485
test13.jpg 3 0.98 57 123 252 358
test13.jpg 3 0.72 186 0 292 13
test14.jpg 3 0.94 2 22 360 418
test15.jpg 3 0.88 5 0 1080 1245
test15.jpg 2 0.71 7 0 1080 1269
test16.jpg 0 0.96 4 474 256 638
test17.jpg 2 0.98 215 438 729 1075
test18.jpg 3 0.98 50 147 323 282
test19.jpg 3 0.98 84 125 279 339
test20.jpg 3 0.98 138 407 962 818
test20.jpg 0 0.92 677 117 1080 240
test20.jpg 0 0.50 536 772 1078 1352
test21.jpg 0 0.95 0 160 74 202
test22.jpg 3 0.97 12 752 692 1436
test23.jpg 3 0.98 299 636 731 862
test24.jpg 3 0.98 145 430 827 969
test25.jpg 3 0.95 104 143 368 406
test26.jpg 3 0.30 336 760 743 866
test27.jpg 3 0.97 272 938 886 1424
test28.jpg 0 0.97 503 487 781 625
test28.jpg 0 0.97 208 486 494 630
test28.jpg 3 0.75 292 626 884 977
test29.jpg 0 0.98 145 443 859 1034
test30.jpg 3 0.98 184 610 741 1048
test31.jpg 3 0.91 14 827 823 1676
test32.jpg 3 0.96 72 260 306 473
test33.jpg 2 0.98 72 334 248 425
test34.jpg 0 0.95 0 742 190 823
test34.jpg 3 0.94 293 812 744 977
test34.jpg 3 0.92 220 945 727 1227
test35.jpg 2 0.91 126 140 347 331
test36.jpg 0 0.97 72 224 217 327
test36.jpg 0 0.77 8 102 88 133
test36.jpg 0 0.69 198 144 281 183
test37.jpg 3 0.94 9 520 1056 1347
test38.jpg 3 0.97 3 376 1080 1019
test38.jpg 3 0.55 0 383 446 976
test39.jpg 0 0.98 196 450 913 1128
test41.jpg 3 0.98 204 1269 701 1655
test42.jpg 2 0.99 100 1061 580 1418
test43.jpg 3 0.98 205 152 535 392
test44.jpg 3 0.97 406 1168 842 1328
test45.jpg 2 0.98 201 177 453 386
test46.jpg 3 0.91 60 242 219 298
test46.jpg 0 0.91 61 243 217 298
test46.jpg 3 0.76 50 223 148 251
test47.jpg 3 0.95 120 606 643 726
test48.jpg 3 0.98 110 398 715 878
test49.jpg 3 0.98 119 329 1000 1094
test50.jpg 2 0.98 80 260 231 366
test51.jpg 1 0.98 178 119 425 323
test52.jpg 0 0.98 3 435 968 1144
test53.jpg 3 0.99 180 628 999 1194
test54.jpg 0 0.98 432 1038 973 1446
test54.jpg 3 0.96 609 734 884 879
test55.jpg 0 0.94 34 176 1050 991
test56.jpg 0 0.97 219 286 315 356
test57.jpg 1 0.97 70 143 448 379
test58.jpg 0 0.97 125 165 294 270
test58.jpg 0 0.93 69 51 192 105
test59.jpg 2 0.99 197 184 403 359
test59.jpg 0 0.39 293 42 394 100
test60.jpg 0 0.96 192 303 874 695
test61.jpg 3 0.97 101 928 781 1276
test62.jpg 3 0.98 33 172 284 377
test63.jpg 3 0.98 0 623 612 1145
test63.jpg 0 0.91 39 289 484 513
test63.jpg 3 0.49 39 288 486 512
test64.jpg 3 0.83 281 447 805 848
test65.jpg 0 0.98 52 115 278 208
test66.jpg 0 0.97 74 468 723 860
test67.jpg 0 0.98 24 102 282 213
test68.jpg 0 0.97 18 351 677 1031
test68.jpg 0 0.91 573 333 1079 920
test69.jpg 0 0.98 284 981 772 1246
test69.jpg 0 0.96 74 645 382 750
test69.jpg 2 0.30 152 765 563 931
test70.jpg 0 0.99 110 367 1014 890
test71.jpg 1 0.97 408 502 652 623
test72.jpg 1 0.98 1274 1762 2484 3141
test72.jpg 1 0.97 2434 1847 3456 2848
test73.jpg 0 0.98 125 188 281 275
test74.jpg 0 0.48 306 536 1058 813
test75.jpg 3 0.97 7 517 1080 1051
test75.jpg 0 0.97 333 349 685 529
test76.jpg 1 0.98 336 629 756 875
test76.jpg 0 0.56 822 240 975 271
test77.jpg 2 0.97 117 229 252 309
test77.jpg 3 0.97 27 193 138 239
test77.jpg 0 0.88 0 173 26 194
test78.jpg 0 0.98 105 221 316 384
test79.jpg 2 0.96 106 441 952 1334
test80.jpg 3 0.96 0 426 858 1369
test81.jpg 3 0.97 274 273 752 505
test82.jpg 3 0.96 267 436 881 883
test83.jpg 0 0.97 197 413 964 1037
test83.jpg 0 0.91 0 445 231 1068
test84.jpg 3 0.82 0 0 4338 2560
test85.jpg 3 0.97 141 330 366 447
test86.jpg 0 0.99 7 436 948 1021
test87.jpg 3 0.96 74 233 276 402
test87.jpg 0 0.75 228 40 330 85
test88.jpg 1 0.97 375 251 638 439
test89.jpg 2 0.98 158 658 928 1402
test90.jpg 4 0.42 53 232 496 529
test91.jpg 1 0.97 55 139 299 228
test92.jpg 3 0.98 57 123 252 358
test92.jpg 3 0.42 186 0 292 13
test93.jpg 3 0.99 40 626 931 1220
test94.jpg 0 0.98 122 266 322 393
test94.jpg 0 0.78 0 192 33 224
test95.jpg 3 0.97 651 574 927 670
test95.jpg 0 0.96 655 757 1056 1032
test96.jpg 2 0.98 442 832 722 970
test97.jpg 3 0.97 85 498 759 1019
test97.jpg 3 0.92 541 346 858 474
test97.jpg 3 0.57 0 1133 212 1279
test98.jpg 3 0.90 515 241 718 296
test99.jpg 2 0.78 91 212 364 433
test100.jpg 0 0.94 0 263 194 332
test101.jpg 2 0.98 71 284 250 395
test101.jpg 1 0.70 122 69 224 153
test102.jpg 3 0.97 348 1260 874 1480
test103.jpg 3 0.54 0 175 760 878
test104.jpg 3 0.90 65 658 1032 1873
test105.jpg 3 0.94 2 365 998 1683
test106.jpg 3 0.32 61 380 1079 1126
test107.jpg 0 0.98 146 283 254 346
test108.jpg 2 0.98 96 1218 864 1903
test109.jpg 0 0.55 0 838 442 1183
test109.jpg 3 0.26 351 196 639 289
test110.jpg 3 0.97 115 318 210 351
test111.jpg 2 0.94 155 491 933 1240
test112.jpg 3 0.97 457 375 867 590
test113.jpg 0 0.98 331 965 959 1273
test113.jpg 0 0.40 514 1148 1080 1470
test114.jpg 3 0.98 81 240 261 455
test115.jpg 2 0.96 101 237 262 382
test116.jpg 2 0.94 40 485 169 534
test117.jpg 3 0.98 662 879 1042 1118
test118.jpg 0 0.98 41 433 1053 998
test119.jpg 0 0.84 32 344 1055 1350
test120.jpg 2 0.98 86 263 365 486
test121.jpg 3 0.98 73 464 716 861
test122.jpg 0 0.98 144 326 751 814
test123.jpg 3 0.97 85 150 237 432
test123.jpg 3 0.79 115 5 204 57
test124.jpg 3 0.98 501 705 1290 1068
test125.jpg 3 0.77 10 220 1074 1218
test126.jpg 0 0.98 53 231 513 454
test127.jpg 3 0.95 35 1044 764 1495
test128.jpg 4 0.62 306 66 437 230
test128.jpg 0 0.41 306 65 438 229
test129.jpg 3 0.96 50 315 392 457
test129.jpg 3 0.74 227 512 480 640
test130.jpg 0 0.65 35 394 248 465
test131.jpg 3 0.96 679 807 931 903
test132.jpg 2 0.98 104 309 284 430
test133.jpg 2 0.27 0 276 1191 1391
test134.jpg 3 0.97 403 670 875 802
test135.jpg 2 0.98 464 605 981 904
test136.jpg 0 0.98 153 106 320 227
test136.jpg 0 0.97 140 250 383 491
test137.jpg 2 0.99 10 203 1078 1260
test138.jpg 0 0.98 460 1018 1270 1601
test138.jpg 0 0.97 808 802 1278 1073
test139.jpg 0 0.97 228 643 595 798
test140.jpg 0 0.97 52 123 275 231
test141.jpg 0 0.92 73 836 1211 1643
test141.jpg 3 0.89 73 836 1221 1641
test142.jpg 1 0.97 228 453 450 611
test143.jpg 3 0.97 370 696 676 823
test144.jpg 3 0.98 417 1037 736 1234
test145.jpg 3 0.98 343 709 769 948
test146.jpg 3 0.98 346 878 707 1081
test147.jpg 2 0.99 52 334 267 528
test148.jpg 3 0.80 127 103 303 387
test149.jpg 3 0.97 404 806 801 996
test149.jpg 0 0.45 811 674 1041 734
test150.jpg 3 0.97 319 467 725 675
test151.jpg 3 0.98 467 1277 1276 1563
test152.png 3 0.65 48 169 210 302
test152.png 0 0.61 48 169 207 302
test153.jpg 0 0.97 649 158 1465 818
test154.jpg 0 0.97 108 350 984 1116
test155.jpg 3 0.96 192 826 670 1284
test156.jpg 2 0.98 103 157 260 270
test157.jpg 2 0.97 19 199 903 1079
test158.jpg 2 0.98 39 152 287 367
test159.jpg 0 0.98 168 518 459 776
test160.jpg 0 0.97 231 410 614 629
test161.jpg 2 0.97 198 693 1004 1420
test162.jpg 3 0.98 250 504 798 906
test162.jpg 3 0.79 0 635 67 797
test163.jpg 3 0.99 91 153 269 328
test164.jpg 2 0.98 117 119 324 275
test165.jpg 1 0.97 259 534 408 662
test165.jpg 1 0.65 218 681 457 800
test165.jpg 4 0.30 219 682 456 800
test166.jpg 1 0.96 82 208 471 553
test167.jpg 2 0.98 95 290 274 448
test168.jpg 2 0.98 101 163 289 312
test169.jpg 1 0.98 156 34 401 243
test170.jpg 3 0.98 106 271 270 380
test171.jpg 3 0.83 186 360 765 686
test172.jpg 3 0.97 470 597 1060 813
test173.jpg 0 0.98 300 937 786 1293
test174.jpg 0 0.96 181 528 823 925
test174.jpg 0 0.70 1 976 200 1440
test175.jpg 3 0.98 100 372 260 438
test176.jpg 3 0.97 74 148 265 311
test176.jpg 3 0.86 45 1 318 121
test177.jpg 0 0.98 5 114 540 656
test178.jpg 3 0.94 260 436 1035 670
test179.jpg 3 0.95 166 563 1080 1296
test180.jpg 0 0.55 148 550 930 869
test181.jpg 2 0.98 0 211 1025 1335
test182.jpg 3 0.97 52 198 248 345
test182.jpg 0 0.83 1 167 42 220
test183.jpg 2 0.98 191 1116 648 1603
test184.jpg 3 0.95 362 451 675 557
test185.jpg 0 0.95 409 601 749 841
test186.jpg 1 0.97 209 2 1461 806
test186.jpg 0 0.86 0 128 217 863
test187.jpg 3 0.97 309 59 841 316
test188.jpg 2 0.91 257 634 796 1008
test188.jpg 3 0.80 941 936 1080 1440
test189.jpg 0 0.97 112 308 206 347
test190.jpg 2 0.88 261 799 781 1263
test191.jpg 3 0.95 493 1024 1156 1386
test192.jpg 0 0.97 394 316 804 438
test192.jpg 3 0.83 343 471 884 806
test193.jpg 3 0.98 35 119 276 337
test194.jpg 0 0.98 105 59 1078 620
test194.jpg 0 0.92 58 592 1080 1440
test195.jpg 1 0.84 35 77 360 203
test196.jpg 3 0.97 91 182 290 361
test196.jpg 0 0.57 179 355 349 465
test197.jpg 3 0.98 108 694 836 1395
test198.jpg 0 0.98 42 449 1086 1093
test198.jpg 0 0.98 328 57 1093 379
test199.jpg 3 0.97 141 326 298 412
test199.jpg 0 0.94 289 468 480 640
test200.jpg 0 0.98 254 464 1041 918
test201.jpg 3 0.92 494 638 862 840
test201.jpg 0 0.74 192 511 395 580
test201.jpg 0 0.86 216 399 365 437
test201.jpg 0 0.72 0 438 172 487
test202.jpg 2 0.96 207 581 854 954
test202.jpg 2 0.91 420 989 1080 1440
test203.jpg 1 0.92 4 85 339 306
test204.jpg 2 0.97 253 744 554 892
test205.jpg 1 0.75 347 162 657 401
test205.jpg 0 0.37 677 222 800 401
test206.jpg 2 0.92 203 932 2133 3660
test207.jpg 3 0.98 2 424 926 1125
test208.jpg 2 0.98 86 104 362 388
test209.jpg 3 0.89 59 575 907 1632
test210.jpg 2 0.97 62 172 271 268
test211.jpg 2 0.91 106 943 531 1075
test212.jpg 2 0.99 117 141 320 301
test213.jpg 3 0.91 354 665 914 1062
test213.jpg 0 0.88 230 521 481 634
test214.jpg 1 0.98 156 34 401 243
test215.jpg 2 0.99 191 1031 719 1605
test216.jpg 0 0.98 64 66 244 230
test217.jpg 3 0.95 303 471 802 922
test218.jpg 0 0.98 225 481 672 869
test219.jpg 1 0.98 99 153 260 362
test219.jpg 1 0.95 43 0 254 73
test220.jpg 3 0.98 172 433 682 829
test221.jpg 1 0.94 21 481 749 1184
test222.jpg 2 0.96 158 301 423 591
test223.jpg 2 0.98 262 536 870 1073
test223.jpg 3 0.98 461 123 867 359
test224.jpg 0 0.95 307 516 726 815
test225.jpg 1 0.98 258 143 824 642
test226.jpg 3 0.98 172 829 1021 1778
test227.jpg 0 0.98 211 482 889 1163
test227.jpg 0 0.39 763 0 1080 229
test228.jpg 0 0.96 146 310 351 601
test228.jpg 3 0.83 65 154 287 285
test228.jpg 0 0.68 64 154 287 284
test229.jpg 0 0.96 19 181 194 250
test229.jpg 3 0.94 77 254 390 433
test229.jpg 0 0.92 0 224 117 327
test229.jpg 3 0.82 386 341 480 534
test230.jpg 3 0.98 124 250 353 393
test230.jpg 0 0.91 7 152 101 181
test230.jpg 0 0.82 27 220 196 293
test231.jpg 3 0.96 303 795 856 1005
test231.jpg 0 0.86 305 795 850 1005
test232.jpg 2 0.89 46 586 861 1053
test233.jpg 0 0.98 69 178 285 317
test233.jpg 0 0.91 0 102 97 167
test233.jpg 0 0.78 242 95 285 154
test234.jpg 1 0.95 134 232 567 553
test235.jpg 3 0.97 45 316 228 375
test236.jpg 1 0.94 80 412 424 606
test237.jpg 3 0.97 213 547 613 806
test238.jpg 2 0.98 0 167 300 362
test239.jpg 3 0.98 189 850 872 1177
test241.jpg 3 0.97 527 1308 1157 1625
test242.jpg 2 0.78 14 6 720 553
test243.jpg 0 0.98 227 414 920 1083
test244.jpg 3 0.98 588 911 1027 1171
test244.jpg 0 0.93 1010 694 1279 779
test246.jpg 0 0.98 287 732 792 884
test247.jpg 0 0.97 290 595 802 765
test248.jpg 0 0.98 297 608 761 760
test249.jpg 1 0.93 306 549 753 880
test249.jpg 0 0.76 1049 859 1080 952
test250.jpg 3 0.98 263 381 853 890
test251.jpg 3 0.95 505 1608 1215 1899
test251.jpg 0 0.84 916 1513 1273 1725
test252.jpg 3 0.98 239 476 628 728
test253.jpg 3 0.96 214 881 950 1440
test254.jpg 0 0.97 84 463 669 749
test255.jpg 3 0.96 309 555 729 782
test255.jpg 0 0.47 351 448 577 566
test256.jpg 0 0.97 67 446 226 509
test257.jpg 2 0.97 113 278 227 407
test258.jpg 2 0.95 85 540 932 1343
test259.jpg 3 0.98 281 946 662 1204
test259.jpg 0 0.83 154 572 293 611
test260.jpg 2 0.79 0 262 1059 1330
test261.jpg 3 0.96 304 927 834 1278
test262.jpg 3 0.98 302 376 3204 2920
test263.jpg 0 0.81 144 222 267 316
test264.jpg 0 0.97 182 493 478 734
test265.jpg 1 0.98 116 344 351 554
test265.jpg 0 0.97 230 254 379 346
test266.jpg 0 0.98 8 464 1075 986
test267.jpg 0 0.92 3 273 644 568
test268.jpg 1 0.69 984 10 2418 1388
test269.jpg 0 0.97 352 570 919 874
test270.jpg 0 0.98 149 702 399 859
test270.jpg 0 0.94 318 848 734 1000
test271.jpg 3 0.98 75 230 189 393
test272.jpg 3 0.98 340 1018 1083 1344
test272.jpg 0 0.94 755 864 1226 1015
test274.jpg 3 0.98 324 900 662 1100
test275.jpg 2 0.99 106 160 324 347
test276.jpg 0 0.89 628 527 909 603
test276.jpg 3 0.85 224 870 805 1144
test276.jpg 0 0.69 3 471 209 545
test276.jpg 3 0.76 629 526 911 604
test277.jpg 1 0.97 74 238 236 379
test277.jpg 0 0.93 264 121 341 158
test278.jpg 0 0.97 470 497 827 675
test278.jpg 3 0.83 0 998 593 1439
test278.jpg 3 0.80 22 462 391 622
test279.jpg 0 0.98 236 511 842 895
test280.jpg 3 0.97 65 236 1011 1132
test281.jpg 3 0.97 426 1088 998 1515
test282.jpg 2 0.98 223 567 915 1139
test283.jpg 3 0.97 409 1612 1050 1906
test283.jpg 0 0.81 789 1227 1015 1289
test284.jpg 0 0.97 442 374 628 441
test284.jpg 3 0.84 173 472 557 681
test284.jpg 0 0.74 172 472 556 681
test285.jpg 0 0.98 304 453 790 685
test285.jpg 0 0.91 0 416 195 736
test286.jpg 2 0.96 348 346 1021 875
test287.jpg 0 0.98 206 323 806 902
test288.jpg 3 0.98 278 464 480 640
test288.jpg 3 0.92 133 312 290 402
test289.jpg 3 0.96 162 1031 754 1224
test290.jpg 3 0.98 242 280 592 571
test290.jpg 0 0.97 462 14 658 113
test290.jpg 0 0.79 178 68 385 208
test291.jpg 3 0.90 277 774 638 976
test291.jpg 0 0.83 261 661 480 758
test291.jpg 3 0.87 263 661 481 760
test292.jpg 0 0.98 439 507 1080 813
test292.jpg 3 0.95 460 409 848 524
test292.jpg 0 0.82 816 441 1077 562
test293.jpg 3 0.98 276 964 716 1270
test294.jpg 2 0.94 309 946 2559 3067
test295.jpg 1 0.98 141 250 534 593
test296.jpg 3 0.98 321 1641 1098 2052
test297.jpg 0 0.98 25 965 1080 1440
test297.jpg 0 0.97 207 456 836 721
test297.jpg 0 0.96 527 117 974 210
test298.jpg 0 0.73 8 185 1080 1236
test298.jpg 3 0.49 17 186 1080 1224
test299.jpg 3 0.96 292 1469 820 1746
test300.jpg 0 0.97 0 875 1079 1531
test301.jpg 0 0.98 258 660 523 810
test301.jpg 0 0.88 20 554 200 619
test302.jpg 3 0.96 104 213 379 428
test302.jpg 0 0.85 220 59 417 147
test303.jpg 0 0.86 201 171 286 204
test303.jpg 2 0.86 135 275 248 428
test304.jpg 1 0.98 211 162 553 475
test305.jpg 1 0.94 29 69 297 293
test306.jpg 2 0.91 29 718 766 1287
test307.jpg 2 0.95 259 538 475 610
test308.jpg 3 0.96 225 1428 978 1748
test309.jpg 0 0.97 125 253 921 1150
test310.jpg 0 0.98 126 568 978 1136
test311.jpg 3 0.97 156 852 887 1482
test312.jpg 0 0.99 2 520 1078 1271
test314.jpg 3 0.89 255 1521 2691 3368
test315.jpg 3 0.98 220 1203 666 1414
test317.jpg 1 0.97 107 84 555 483
test318.jpg 2 0.93 0 291 1058 1729
test319.jpg 3 0.97 475 653 1200 1080
test320.jpg 3 0.97 311 353 790 515
test320.jpg 3 0.95 471 650 866 830
test320.jpg 0 0.80 1 330 311 473
test321.jpg 1 0.94 58 256 207 402
test323.jpg 3 0.98 41 143 266 311
test324.jpg 2 0.98 151 476 935 1186
test325.jpg 0 0.98 218 617 759 973
test326.jpg 1 0.98 61 200 235 348
test327.jpg 0 0.98 88 362 1067 841
test328.jpg 3 0.98 467 1249 2712 3200
test329.jpg 3 0.87 13 401 1069 933
test329.jpg 2 0.59 0 407 1062 934
test330.jpg 3 0.94 288 414 672 572
test330.jpg 0 0.87 453 217 668 271
test331.jpg 1 0.98 74 20 254 181
test332.jpg 2 0.93 217 316 990 1404
test333.jpg 3 0.98 115 218 305 460
test334.jpg 0 0.96 427 354 553 415
test334.jpg 1 0.94 445 408 619 508
test336.jpg 3 0.97 111 401 884 707
test337.jpg 0 0.97 59 224 209 296
test338.jpg 2 0.96 35 166 333 480
test339.jpg 2 0.98 45 159 289 300
test340.jpg 0 0.93 0 1193 309 1477
test340.jpg 0 0.85 279 1073 832 1422
test340.jpg 3 0.95 278 1074 832 1422
test341.jpg 2 0.98 87 135 390 348
test342.jpg 2 0.97 463 187 797 522
test343.jpg 2 0.97 243 753 509 854
test344.jpg 2 0.98 78 165 235 297
test345.jpg 3 0.98 442 849 817 1082
test346.jpg 3 0.98 227 409 731 704
test347.jpg 3 0.77 251 339 596 502
test348.jpg 3 0.91 175 113 785 746
test349.jpg 0 0.97 243 437 471 555
